Username|Games|Min_ELO|Max_ELO
dettorej|84|984|1063
Ishaan092013|11|1117|1179
henriquepgomide|10|1136|1234
Nikitanazarov2016|11|441|505
thereallou|16|1188|1281
prokop74|15|1049|1096
Kafatasi27|146|1005|1130
Jithum_2016|24|938|977
Hamish64|26|1084|1152
Aarav_Aramanai|12|854|904
ponpon58|18|1414|1497
EnriqueOcampo|124|1302|1444
Dima_BY|32|1003|1226
Estudiantemmza|10|904|1081
Schach-telhalm|18|889|997
Alpaslanbora|36|1027|1130
Devavrathan|14|1122|1232
harit-j|20|986|1152
kav1945|26|980|1129
Golybka_Adel|19|930|1011
Chamika2014|52|1045|1241
sharaafahamed|11|1460|1560
qazer133|20|755|810
Majd10358|16|964|1087
Avocado72|16|1071|1113
Pralchon|29|1214|1260
Deivid_Leon_15|37|1143|1434
Matvij2016|11|1022|1082
baylanholding|11|826|925
Alpatros88|13|1294|1343
Rockstarbrother|52|1474|1541
Reza_93|35|1009|1132
srush|16|1058|1093
Rambk|11|997|1178
feuermars|15|1244|1336
khaled92002|10|886|1109
Ro134333333333|10|930|1000
Origa25|14|1161|1209
LeshaZh|14|1180|1209
jp765|13|835|904
newmagoo|51|1163|1212
soktumby|13|1020|1120
chrislib64|15|1092|1174
MoAweya2023|17|1050|1092
soma1947|31|1330|1387
JaviRivera|26|1087|1170
Ivanmarty|23|1044|1082
j-a-nicolas-10|18|1036|1290
Rashmi27201027|13|1060|1102
karapet1948a|15|1057|1083
Fayazeer|14|629|861
Emre-06|10|863|1198
luis050308|32|1133|1172
lamasafi|33|862|958
shen104|11|1043|1089
Herman2105|25|884|965
AbdullahTamim12345|25|978|1047
Marioerby|30|1179|1234
Mohammed_daw|18|1089|1125
MutenRoshii|11|1114|1162
Patoch95|17|1027|1098
Nadinab|15|1028|1094
Ali_Nasef|20|1120|1154
CarlIsholt|22|822|1500
Flavio_88|23|693|758
LeonidNe|20|1220|1291
king101|209|1104|1222
Zali0404|10|723|785
Paules_2010-123|13|896|920
Elisha1511|18|998|1074
Elrich17|13|1719|1758
ismasol_2012|15|973|1083
MARKIVA|17|1040|1103
Niela1|13|1144|1185
JFSanti42|14|1077|1117
djafran51|17|1100|1161
jfiess|13|824|861
Atabek31|25|904|1194
VEERRO|59|839|1028
ayseyma16|13|1089|1225
Altaye|66|1356|1465
chessgirl2323|13|559|1068
abhilashakam|10|797|1009
AaravNav|17|1000|1106
ggeoffrey|10|1025|1240
jalansaab|13|1362|1713
viscomtat7|132|797|903
sudanvipp|10|1027|1264
B_911_Sasha9|12|1020|1064
hojat-eb|10|1148|1179
DasinduVind|27|710|1134
muslim6951|73|815|847
LolikBolik89|40|1162|1314
istrancali|11|893|989
Mikel69|10|948|987
KanishqVassant|13|990|1063
DreamDrake|19|989|1052
SOKOL_228|11|1202|1224
io11|10|1186|1307
Randoopa-2012|20|1185|1213
garnetrosary|29|1114|1171
Hemakshi2014|26|884|972
Leonid_Pecherskikh|18|1049|1125
Burgninafasohensel|10|973|1013
Solangela|16|837|1537
RThomasGreene|23|786|895
shivam909|13|1202|1240
Gorillas1974|28|715|780
Piezas88|11|787|1116
MARIAVENE|14|1031|1068
jozzum|31|1084|1160
podvox|24|1124|1164
ricardocarnauba|72|875|1187
OCal91|15|1181|1220
volli1|10|1057|1106
MMerezhana|10|1394|1413
KarthikaSajith|11|1037|1204
donking133|11|1295|1355
hahinisai|24|1164|1244
Xenonmorph|22|961|1201
SUB_TO_Smii7y|14|1370|1535
LarryBatman|11|1295|1334
azizipour|24|1094|1135
Evgchess_e|13|1014|1059
nayo100223|12|1034|1162
Isara_2009|15|1179|1198
crazy-khan|15|806|928
latifah_faa|67|1010|1196
shahzaib01|11|953|1192
Delon20104|12|1035|1255
Eraebadi|10|864|925
Juzz82|19|1034|1092
Harshubuckhorn|11|956|1079
Canesten|108|1180|1258
fatimaaqwen|10|862|1106
shiva012016|11|922|999
saiedkabooo|12|1036|1206
LastOptionAka|12|1191|1299
Vioches|11|837|956
taharahbar|43|1263|1359
Piotrek2014|11|1165|1203
mohamedali2221|34|1243|1396
rarjoon|14|980|1032
anand_maco|64|932|1026
bihari8b|11|1077|1159
mhhnejad|20|1128|1199
DiscreetWhale|24|800|1538
shelface|217|919|1091
bulle51|164|1022|1144
AyshaniPrash|47|1131|1198
Doantramanh2012|13|1144|1226
DarlanRocha|44|798|1024
Ali09140914|14|1043|1107
niloshaniathapaththu|64|1065|1111
Devanka123|12|816|902
t2342013|22|1118|1194
Danielromerl|12|916|1500
the13thshadow|127|957|1099
shanudhichess123456|36|824|883
priyastephen|13|975|1021
Hirukass123|97|1035|1126
Dimulkin|10|1243|1322
asmith65|12|1300|1360
zinstyle|15|1007|1056
machwatt|158|1056|1196
galkovgosa|16|802|1156
ariellehua|22|836|1016
GupioIpta|162|1135|1197
Blargle|10|930|1093
e85d96f9|20|803|946
hsynbyby|13|1072|1101
orinho|10|1559|1663
golge65|145|992|1075
nikolai_mysakov1974|14|820|858
crazy_4|38|1469|1540
bossgirl20|11|556|598
menakakmp1987|11|800|1276
masonm1|26|1139|1176
Mohamed_Hisham3|10|760|871
anaysinha|17|1153|1206
anaCLEON|44|711|1222
saviruperera2014|34|1378|1438
youssefaman|11|1194|1248
cobarbaros|26|1074|1159
Atharvrajmannu|30|1021|1066
Kerime111|13|1036|1076
julian_nieto|16|1081|1127
stranger_1986|43|849|1035
CEDanZ|45|1138|1195
boss42dayson|14|869|927
nuToH86|25|828|938
wise1025|44|1033|1144
marchana|15|965|1025
Arteminchiky|39|1066|1151
Aris100|12|1137|1182
Saradalbono|20|542|1214
Chess_Monkey_Won|25|880|1016
Karl_Marc|117|1134|1226
RM-SHAGNAYERICK|29|1119|1152
XelthHUN|14|941|1021
Krokus2014|19|1159|1275
POOTEZNYGAMBIT|15|1034|1123
vcxgaming|78|961|1060
Anish_Ch|11|1037|1172
KingMe91|11|792|1052
emrahkilic|143|836|1060
Manoharaji|10|796|856
SAJustinChen|10|900|927
maroo156|10|1136|1266
maaruf|290|1134|1200
zali0404|12|712|777
AathiraiVikraman|12|536|1500
Navindu1|22|846|873
didoxadrez|70|1018|1143
ati76|18|1030|1111
linzykatherin|11|1120|1179
Gloriia|11|895|995
Isaac_strong|20|966|1010
ANDREIALEJANDRO2016|30|631|1122
Daf1|11|1143|1199
marcsanchezincera|31|1169|1197
Leonid_Sudakov|16|1005|1046
Ffee07|22|924|1034
PARAMESHEAGLE|18|650|764
AyshaniPrashanya|88|1060|1195
wlid|15|1122|1177
tenor_abad|24|1027|1185
agama110|18|1141|1217
senithar|133|1130|1215
Flipper7193|16|734|936
CEKanK|32|762|1067
tealcuriousmaric|10|400|581
faustisanmartin|23|993|1085
Most2006|17|623|1156
fetxeironyons|27|1237|1312
tugranferhat|26|976|1057
vubao24|19|900|986
Raghavan_Vamsi|17|1261|1321
Draken03|15|1121|1157
am_irul|21|979|1044
orson71|42|985|1038
alahyar52|35|1132|1193
Dinusha22|26|869|1163
savija2017abcd|17|991|1054
RM-SALGUEROSAMI|20|928|988
Nina_Sok|11|965|1021
friba6294|16|1040|1094
OlekRzeszutek|16|977|1044
Casper05Rus|14|832|892
Buglem_48|54|407|559
dylanmr16|14|1017|1500
DCI_WILL|14|947|1070
veerro|62|845|963
Anar_Abdullaev_76211|18|916|1137
ozcanalanya|40|1048|1126
gambitdenier|10|1100|1188
jhusara1velasco2|11|937|1306
morningstar2907|19|1118|1172
kesharadimuthu|10|1149|1174
blackfoxie|45|1094|1225
Carlsen_23|12|1017|1093
hamidghadiri|19|776|816
gmky000|15|1558|1877
Hesse71|12|1571|1611
CHENUKA-2015|10|702|727
dinayadamsari2011|12|1040|1093
joaomonserrate|12|914|1188
rajitastefina|12|994|1060
shouryaagarwal|18|880|961
RM-ALVARADOELIAS|39|1145|1239
hosineslami123456784|20|1004|1044
abirudihas|62|1101|1195
LewisHamilton105|40|887|949
Mckarthikeya|23|888|940
uriel2022|25|818|895
CyanLikelySardine|21|492|800
mentalisator|10|1304|1327
IrinaiBasilisa|13|1084|1165
NIKITOSPROS|34|1271|1311
monkeybird3000|29|864|928
medson9009|11|1000|1082
LKNW98|13|1168|1211
rsuveer|18|931|1036
Annapurnasruthim|20|982|1009
suhaan_chess|10|922|998
saidharshans|10|1257|1292
greiner|28|1164|1200
prabagp|10|1148|1203
nimanurimus|15|1455|1506
vecra|10|1005|1046
Ahmed-zahi|47|950|1059
ModernOptician|11|800|1117
ValeRena|29|957|1068
elila92|11|1071|1231
vladmochalov|10|723|826
August21kita16|12|1138|1198
R03L4N8|18|947|1021
Dark-23|20|1043|1191
Dinazor_Abi|35|1271|1357
atharvrider|11|1100|1183
Danilsuper201|13|1081|1284
Purple_monkeys|13|794|965
Ragee2017|21|803|893
Sophi4120|12|968|1031
Isvaar14|15|840|1084
ntlportinari|17|1126|1176
VidaraAb|79|652|693
MTV_BenSch|10|1261|1333
JuanRuano1|18|943|982
LRDRansara|12|1106|1119
RAMujeeb|12|974|1029
Nosyer|13|755|1500
CaGeALe|34|1096|1219
cwr4356|99|1062|1226
amiralijahan95|22|1017|1085
zeidlang|12|1225|1315
Johantenjo4|19|1248|1330
Pikachu212121|13|1231|1387
itsme_19|12|1171|1213
Ama2001|11|956|1104
abdollah1349|157|1226|1292
mariajose2016chess|21|1141|1158
sabrysabryslt|33|1041|1313
Advaitmalankar|12|1163|1216
Mihael_nas|12|1625|1707
Lilou7831|11|1128|1179
ionicspuid54321|20|792|858
Artem-NP-16|10|1034|1145
Hans-hit|18|807|918
Estudiantejjmr|19|921|944
deepuchess123|85|988|1123
w0lfg4ng77|43|1244|1322
VCXgaming|65|965|1069
davidiglesias|12|998|1066
KTC2|223|944|1176
PRIGANN|13|1089|1195
maziyarsafa|111|1131|1223
phungbaolam|12|1035|1081
elociN96|53|854|1248
RishenInusas|12|922|957
Linux67|32|968|1184
K1njal|39|1028|1103
Drew1234567890|11|1075|1104
MaripazFlor|15|908|1328
sreejithctvm|13|1040|1219
ArturKi7|11|1120|1148
Melanycataleya2014|10|987|1045
niduka20|16|779|958
AbhiGrandmaster|23|883|1067
yave1369|12|1073|1139
adile2010|48|947|1052
Litharshana22|39|908|999
Fatih4722|28|602|738
Pururum|12|1272|1350
padpadin|39|787|887
ursytch_004|52|989|1069
Aryan1234Singh|12|987|1057
Carlos_Pelaez|51|954|1009
frdlt|10|1257|1359
hst111|14|1305|1366
akifxdd3437|10|931|953
Pranikaa|10|787|812
niloalvarezcruz|13|1243|1466
MDOOLY|10|880|927
abdoawdeen|10|1031|1172
ivan-balandin|10|800|1500
AbasAbasi2020|25|1308|1382
reza_mahdian1366|18|1143|1176
Derwyd|12|1073|1144
KaRiizma713|294|955|1198
IvanAlekseevish|12|1123|1217
ramazanberk|52|942|1038
Darshv1623|18|765|809
akain1|11|1089|1144
velu_14|11|1376|1415
timo0999|12|739|1195
samluch039|13|1187|1235
ViMeru|10|1037|1096
dashinsha|14|777|908
Bharathiii|20|1359|1384
METHUNIMA123|18|1029|1126
tesoro001|14|1350|1406
ali_reza_111|18|1169|1226
srikak|12|1088|1135
NellyShin|21|1008|1063
Mouchka|26|1044|1108
Sr_Galahad|21|1481|1559
PokProfi|18|816|963
aryahichinara|12|1049|1076
JeffreyJayan|12|1146|1170
dozzgea|16|582|630
PoolVolley|23|937|994
hsai|16|1126|1198
Lebronjames6lal|12|1013|1049
macastro07|22|596|1554
MadhavanKMP|11|853|930
anil1313|17|1399|1451
SenujiCDB|11|833|881
Mhmdmgdy007|17|1155|1219
Zuzu48|14|942|1008
Gojo-Sat0ru|14|805|886
chancerony|13|856|1081
REYA12|10|871|921
dunci|15|1129|1167
Dohmani|16|1206|1246
MS_714|30|1291|1339
Hinder-Jane|12|1172|1216
CaptainCarrig|18|912|946
arileo|11|1014|1097
TorHec|82|612|807
kuramshin34|19|764|957
FFARWINSABRY|47|1419|1468
nematnaseh|23|1416|1452
damarismela|48|584|1500
sasiru2016|11|1102|1140
MicaOst1011|37|785|1177
TLOT|10|942|1165
arash1361|11|1144|1212
Dani_Vache|15|1136|1300
mafkhan80|12|1033|1129
fynnko|11|1157|1199
fortemajor|92|932|1084
pabgon|14|966|1107
ramireddymohit|13|1168|1201
berigru|160|1143|1239
celestelosada|10|1072|1104
Badstan|36|1496|1553
Basemelgharbawey1989|10|845|902
jaika_philippines|16|801|846
aksharapravin|15|1247|1303
zaidguaseve|61|855|1189
sidenis|49|1148|1271
ananyavemuri|11|480|504
redchess23|38|1118|1211
CEAmaT|11|977|1088
Alexusnebeb23w|26|986|1063
himik2897|11|685|1051
josephgarza|14|685|1500
Jasmiinee|12|821|1149
TitanProMax|13|872|957
sokol_228|13|1198|1218
PDD13|10|1263|1330
scare3crow|21|935|1022
GracelynB|15|919|962
mandarinoscattante|13|1093|1155
Haron20|19|855|942
amitahi|51|927|1273
lyudmila_gladkova198|56|983|1080
szabodri|10|873|939
MickeyR|18|1132|1190
sashmitha_jb|14|596|1500
Artem10son|13|849|940
JustinianOltian|49|903|1156
tiahaishaiaitalianka|15|1427|1542
ananthapuri|35|1082|1183
behzad360|14|1222|1306
Junior_hydra|31|890|1040
shen0086|13|924|957
NicoW22|12|828|871
ANGLO100|12|1318|1461
saeid1340|15|1215|1272
Kampu|13|1097|1144
Dagosto|54|930|974
Archangel1504|12|1030|1119
Raminbqz|22|1054|1286
Cherri14|12|680|694
keminduhashen|12|1626|1641
abivikraman12345|14|940|989
NishikaSaravanan|12|1278|1378
Boardgamefan10|27|1021|1122
myranigam|63|1212|1282
vahidi0119|16|1311|1465
buzaed|290|1344|1427
kapanacak|16|1060|1095
BruMeru|17|978|1094
kurbelschock|23|851|1053
CEBenB|27|816|975
ml1234567890|163|1074|1198
emincc1|91|950|1086
Alihan_Kamzin|17|931|970
Krzciciel|15|1041|1109
chakkahasini|10|1094|1120
maia1|10|1401|1501
arjun_h|10|822|904
adrianaali8|12|701|1140
NikKleshin|12|809|962
nasser_gedo|13|1230|1347
SmartMerry|12|942|1013
teni2012|10|1101|1193
poirot1203|23|1007|1056
Jahnavibhyratae|11|1610|1692
Aarav311|11|1089|1135
lewis1951|21|1034|1085
aishakcanpolat|23|773|937
chessioni|11|1234|1343
maksimm205|107|873|1066
AlanCLEON|36|795|1745
Aminah_Cazy|20|849|1079
pcencini|78|1165|1200
emptynightmareuy|15|989|1060
ahmettarik6161|18|991|1115
jarynn|13|1174|1216
Karenchick|14|974|1175
SatyriconAndCo|11|1057|1124
stockfish_level10|17|1172|1197
JuefeiL1|14|1531|1647
helenicol205|17|1019|1054
panda567|20|897|983
Pana16|20|533|613
Ejderha_Binicisi_48|29|1045|1208
AlExAnDeR12345678900|13|1072|1303
hiroshikaveesha|19|873|906
mahithi2015|17|1203|1268
ghnr|15|1536|1583
A7medAlims|19|941|1032
ayman882018|10|1140|1201
Ninja_Tosbik|33|1513|1549
IOCD|13|1080|1185
SharaafAhamed|14|1447|1570
RumputLiar07|13|1190|1233
ANSACQ|16|1104|1150
Bu_Yuni|16|1019|1500
aruquipaquispe|16|626|877
VictorDerevnya|11|1151|1234
Martinetto|26|916|1038
gsreenidhi18|12|1081|1118
saivaishnavi_k|12|479|545
nishkasinha|10|794|825
Musa8523|10|665|1574
Ameriko|19|1175|1256
AaravS3|30|1086|1144
shayb22|13|832|858
Akihironomura0814|13|1076|1125
tharun2016|14|1043|1089
adolvvo|13|1032|1062
vache_daniel|13|1153|1293
punjitha|11|982|1072
HUSEYIN_ARAS|24|540|571
rahim1371|45|1067|1200
JDM69|49|1061|1217
GalosDj|12|656|775
Kundantiwari|11|1044|1094
MOTAZ55|11|572|678
Rishaank5|11|1097|1149
viduwaramirihagalla|13|879|909
Abdullah3908|15|837|941
Jesus_E|13|1339|1393
abodilky85|12|925|1151
xadrez60|15|936|982
kritanch|24|839|914
xenonmorph|29|880|1200
sub_to_smii7y|12|1377|1533
ValeriyM|15|1023|1089
icbaominh24|10|1228|1325
as-maloy13|17|1123|1230
Diyashrees|22|990|1056
Miccy|10|1177|1202
habez|14|1197|1256
petitlunadal|12|1164|1189
chessplayer9110451|11|1219|1234
Karihalo|20|736|806
Magic_21|41|977|1072
starman2011|58|1512|1595
mohammedbb|15|930|997
jeanjean44|45|744|806
sapienintellect|31|1175|1197
JHOSEPB|13|1185|1249
magnuscarlsena|47|989|1061
senaabbll|25|670|804
yazdann|14|1189|1244
ove151147|27|1152|1173
Corentinledauphin|45|708|800
marcelo718|111|1097|1193
sureshthinktowin1983|16|825|1561
Floh713|19|1092|1141
nikan97|10|792|1015
shen0067|30|1005|1074
Rivage38|19|1210|1255
LitDani|13|1095|1160
BurakTas58|11|1042|1223
Emil-2023|12|1111|1122
Abobus_777|15|872|973
ayaanagarwal2|16|1229|1276
Annapeer|13|989|1043
ginu15|16|1158|1195
gemelo100|54|1176|1200
beatrizyeril|16|1217|1382
Fatihoztrrk|28|1027|1159
Garfield_SLCA|13|880|1097
Muhammad1987|13|1224|1262
Leshanthpadmanathan|12|603|1500
lucasds1|21|1231|1273
Alexamayo|25|1080|1170
JAELALEXIA2023|21|912|949
pricessssssssss|15|693|804
DarIR|21|1004|1070
Pred21|11|993|1020
ekroj2049|28|1485|1578
A2zergey_1111111|14|956|1161
TAHIR_KORAY|11|757|818
ram62|103|1015|1112
Sapienintellect|89|1169|1204
Mehdikhani|13|946|999
Magasreecs|12|936|1015
linlin-siqi-He|16|1109|1237
TheRealLou|24|1188|1407
Sayumirevatha|13|547|913
anna59|111|1098|1212
viduras2015|57|1303|1359
sgroshan|14|1168|1258
octoberisveryown|40|966|1066
kiviru2015|16|917|971
yonima|25|912|992
katrincare|12|877|971
sinazaree|99|919|1063
Amira_GZL_13|10|927|1032
pranaavsaravanan|10|1088|1150
srickli|15|946|1244
nguyendieutu|17|988|1098
diaataha|14|1482|1506
Alexyellow2016|18|958|1003
ahi_anti|12|699|1500
ParvezChessMaster|11|1206|1323
Celine25|13|1063|1115
Geethavi|20|1055|1090
omarov51|29|1053|1258
crazyrussian1616|10|960|1036
Lewis0|20|531|643
Driana_marca|95|821|1402
Sawein|13|816|888
Carolina2025|23|1678|1732
MonfeAntonio|15|1179|1222
xelthhun|11|882|1033
Looser1965|21|1195|1292
Bharath_Kalyan_Sai|21|815|924
SJC_Methuka|21|1041|1111
momyellow|28|545|703
FUTURE47|19|1430|1459
mike1950|21|1221|1291
amnippon|10|1078|1118
marcinszulczyk|21|1177|1241
Back__In__USSR__1968|13|1397|1443
verlove|18|997|1073
sudeesh_krishna|12|1168|1219
F4NT4SMA|17|969|1062
SamiV2016|16|798|833
GG-Linux|13|864|1012
Martieasy|27|1265|1388
AlesitoQD|11|1322|1345
selinaaraghi|31|1016|1099
jokeyb|25|1045|1094
anadina|12|974|1024
DiMM19|19|1158|1270
acarmin|13|1067|1127
Andrew1201|15|770|967
Elfat1960|11|1260|1316
Manasalp_2016|18|589|1500
Elena_Fakhari|10|1500|1541
Castro12Monti12|20|1140|1174
MikeFunnk|16|876|923
Ghanayoghawari|33|614|1500
Viprogamer|10|1106|1215
Dinula2016|32|673|822
fatih1453|10|1171|1225
pasanayod7|45|1378|1462
Hemkrish03|15|887|980
chetangusain|19|1070|1136
Akshan9|14|834|1102
M0BOC|103|1131|1192
Catdang2309|10|878|1025
rezakhan11|15|1077|1321
Betzemaster|13|1021|1036
AdithJay|10|962|1024
BOH_rhap|10|1083|1273
Jbsilva|21|1150|1206
ffccc|12|1319|1373
CEKostS|25|864|1001
CharlesLeclerc105|18|616|674
migme_1|12|1042|1092
methuligunathilaka|18|1060|1180
LAVJ|37|864|987
HighLionMedia|16|807|915
tuingiegame|12|945|1009
tharuu2009|10|1145|1194
BirleskenKungrad|11|1784|1829
reber249489|52|947|1195
lion-begok-86|73|1129|1254
Gerasimowa|18|1011|1043
Mjolner|11|1056|1104
eljoker2010|13|1032|1117
youwillnevergetthis|113|1148|1231
SAHYBennet|15|976|1098
ny_ne_Karpov_ya|15|911|975
karimessamm|12|1451|1497
PV_Kaushal|17|1218|1258
MirthfulCarabao|16|724|1124
Moahmed_123|10|846|923
Mohajeer|11|1284|1316
Arman8|46|1002|1123
rumeysa_0|35|823|1145
mart4|33|1076|1148
imadroumi|13|850|956
Njaswanth|14|1136|1187
Aigle-blanc|13|964|1040
Alexej9071|50|1247|1336
lemonflowerr|15|1257|1296
gravermark1950|35|977|1073
NinoMaradona|55|877|982
hayde|23|1225|1306
CEEnrP|35|1180|1359
DhruvamChitalia|15|444|520
Amaya2013|10|1134|1143
greg7944|17|1092|1175
madajs|22|1386|1451
labiyul|12|1082|1107
AryaSri|11|1158|1209
Haydenisbetterthan|13|669|705
Qusai_Yusif|26|1162|1246
ciNciNn|35|638|862
saraiziya|15|1011|1072
cezary1970|22|1338|1404
PATRIK112|26|1104|1145
AndreySCH|16|988|1040
Davanny|12|1065|1281
Mr_wrong|11|999|1048
LasilRandira2010|14|919|965
titanpromax|16|875|1017
Rikarth|12|1088|1181
Kunst_met_grote_K|21|1070|1123
Hossam12344|17|807|827
lesenka33|13|989|1199
METHULAWIJE0511|12|1554|1577
rondeno|76|1267|1406
OsterDom|119|1138|1301
MariluzvillcaQuispe|28|1110|1335
KamillaKleshina|14|982|1016
Branimir1991|18|1054|1297
etschess|27|878|1261
checkcheckallnight|25|1059|1086
Szach_Alex|40|1059|1117
london-guy|12|1153|1201
SUDABK|26|1000|1078
manikandanpoco|11|1397|1479
HA3PL|16|896|1037
Estudiantejemr|18|1151|1176
Likhith2023CHESS|17|1096|1146
AdaMishelChavez|20|1007|1139
Praju3001|28|1047|1146
Garsha77|45|1057|1616
mykhailo_lysenko_2k|144|891|1139
slon7547677|10|1244|1369
Sequeiros2010|13|1490|1846
xl_up1|14|1288|1338
ivorock|13|1343|1464
sharmili64|10|880|906
Nakajima90|170|941|1032
onithi567|22|918|1093
kasparow06|28|1375|1468
josevilana|14|1111|1200
Lino2024|28|885|975
Chamod2013|20|741|815
Damsithuw|20|1196|1235
CharlotteD2013|11|755|826
Viscomtat7|160|798|908
Award579|22|1047|1127
prabuddidula|11|818|1400
W0lfg4ng77|46|1245|1328
Manolo-604|14|1048|1121
sherif_10|26|1142|1199
Fermakes|16|1143|1224
hallelulia|11|988|1034
KevinQC|28|706|1174
slamcourier|10|1146|1199
Mattiyear2021|10|1143|1186
Methuki2014|13|972|1034
Githmira1234|16|1020|1080
eytanapaza|25|664|1500
TomteTummetott|14|1057|1188
htcgzl|10|732|756
ZamfiroiuStefan|32|690|877
krara1al2|57|1088|1159
speter78|25|1000|1266
samad_sohbatloo|15|1147|1195
ilgnclsn2012|12|917|1017
Angelitobacarreza|10|1207|1500
simone_gasparini|18|1063|1124
Selasrinu|13|991|1166
atomal|32|654|1149
tronnics|15|1225|1290
mandilk|13|1251|1356
misterBichecconis|17|1039|1144
Jairo314|18|1030|1093
PeresleginGleb|40|1055|1112
AaravChinara|10|1451|1476
EmilShmemil|45|1072|1200
JBARBZA|20|1158|1226
kotflix12|10|1577|1592
BlueTigerWill|11|1330|1379
silencioo|14|1834|1855
yahyairfan2016|56|966|1052
KingGeorgeXV|17|865|904
arash2312|31|1102|1192
KostichMania|19|1112|1214
tatyna-58|10|1119|1212
Shassvin2015|15|1175|1222
funnyrooky|10|1453|1502
WilliWilli|15|1236|1338
gaufoj10|10|1230|1290
haytam5|14|801|872
chathunivihanga|10|994|1052
Frankar1979|11|1164|1240
wandreas|14|1166|1203
Matjaz32|17|1273|1322
NikHugo20|16|1096|1156
RianJoshi15|10|887|922
RAGNARAFA|33|1164|1232
zaunstein|26|1306|1347
Quinquinette23|18|873|1149
bilalemirpro|10|947|959
DRaimondi|46|844|909
NiNimal|11|1047|1078
Abbaswinner1|22|1000|1176
RenardFuschia|11|614|741
fatihabr|45|1178|1274
Majnovia1917|18|955|1275
KoningDavid|13|1172|1208
andybrown|17|1070|1120
gil5|12|1055|1102
Gagana201073|15|1444|1496
Marc7704|23|1052|1226
Alexcheel|24|1258|1302
youssefhussein18|15|984|1085
Avi2050|10|913|962
Aleks-155|12|918|960
gizem022|21|813|974
mariyakas|34|972|1078
Roma_chikatakata|24|1136|1236
williwilli|20|1253|1354
MaxZstrong|17|1299|1368
REY-DAVID-89|33|1659|1740
sehadin|11|796|838
dyyb|29|1081|1169
Super_brain1111|11|1087|1154
Aslan_Abi|27|1357|1401
soysamu|117|824|999
Cuth_Hara|28|1024|1092
Dukesam|43|1102|1152
ChessOnaty|11|631|783
Roee_r|71|979|1073
valtaray|472|868|998
h98538244|55|1187|1294
Andrey_spb_2016|21|988|1179
ALEXSKIFGO|15|929|1000
yusuf_yonet_33|12|891|981
Afarsemon|21|1126|1219
Jenny2024|49|1011|1257
Kroshka_V|14|1058|1241
THEREDBARON33|28|1096|1189
IaroslavTrubetskoy|14|893|966
boec89|13|998|1072
upaichie|16|1227|1329
riczicot|15|1041|1173
SabriSamusanta|13|1116|1183
Daryabay|58|1026|1196
Thoma_B|12|1101|1132
GayathmaR|20|613|652
ilmairshad|75|1253|1377
calmiguana2000|84|1112|1225
Hornachos60|25|922|968
Beginner1981|18|1032|1091
Onaya_J|24|908|964
horseclub9k|15|1035|1106
Alibumbu42|16|843|956
Tenor_Abad|17|1060|1165
Gubrdc|14|893|960
timur_redhead|47|1165|1328
shaolin42|27|969|1092
Nevchess1|19|1058|1089
ezejose|64|1347|1476
marcelo_turati|18|966|1038
athiramak5158|12|763|857
noobchester1|15|809|910
A8ir1234|13|1175|1704
SadeeqAhamed|11|856|1605
MUTHU12OK|13|1056|1471
Meister-Ava|17|845|1049
josi99|11|991|1018
Pedi22|21|886|1148
vijesh-s|12|1051|1109
lola1975|10|987|1037
metaparanoia|15|1248|1319
tamilarasantara|12|940|975
ferhat_riza73|13|1052|1243
musarrrr|132|932|1037
Daddy147|61|1145|1287
HosnaTaheri|16|926|985
Liana_Venera|21|1055|1082
vicrosoft|11|1075|1318
Froschgeist|20|1033|1145
yathran_2016|12|492|599
joaomiguel_2010|10|897|950
ClementSteinitz|31|800|1432
zaki-seb|22|982|1045
tarnik|10|679|702
Amenothep2|14|1061|1124
zamfiroiustefan|30|663|889
shenali3b|11|909|949
yaseen_69|12|920|1050
Francesca_Ale|17|1085|1139
chriskie|16|1338|1373
calmoss|11|1138|1196
Aadidev1936|14|1480|1575
Sevensquare|15|1119|1207
marco3105|25|1061|1105
haneunghan|13|1206|1243
mixalwch|16|1061|1125
austinhua2|29|1020|1125
MariePaugam|36|1066|1188
yenulsamarathunga|11|1015|1040
mancha112|92|1068|1145
cacahotier|14|1233|1279
MmalowW|11|864|962
Adriel143|10|713|734
faridlzangene|82|971|1071
NastyaAA10|13|1087|1140
AnnieCoolBlondEmo|33|1010|1189
Nuyulu|13|1546|1601
Giampi1954|67|1189|1279
aziz3007|14|1002|1305
MethuliKulathunga|12|715|771
Johann_Strauss|20|947|991
Vorjo_78|12|1077|1143
Mishgun48|14|1132|1185
abdallah_salem_74|32|1175|1335
Nare2016|13|875|1197
minhhoangnguyentan|10|987|1029
Aral_2017|14|936|1041
Khanhvi22k11|11|816|1033
brink1959|22|1203|1271
AnanyaKasetti|14|491|541
CEZacF|15|983|1092
NathanKuo|14|1558|1711
rogelio94558|15|1181|1215
hello157|10|1524|1607
jheryauzaardaya11|71|1009|1554
Juergenz|58|1010|1104
Doruk0748|53|1108|1227
Dineshchackravarthy|12|781|949
owais82|10|869|952
Alska2020|15|1073|1144
SasiThirushika|19|1141|1174
Kaaia|10|1034|1064
dpinter7|94|746|785
ryzellllllllllllllll|11|845|1085
MarkBandara|24|1168|1190
gokul33|64|903|952
EvAn125|10|967|1004
AndrejNikita|12|872|892
tharushi2016|37|990|1375
kopru55|16|1372|1473
kpio|12|1049|1116
Buddhi17|17|811|1500
Ga3far96|31|983|1123
Fco-Marcos-1|25|1246|1295
majd1003|19|1058|1119
Octopus_Might|11|1291|1338
chessshan|16|1162|1200
Ash1234567891|12|995|1500
ramirovw|18|961|1010
Timae24|13|781|805
Haythoom1988|12|1178|1251
Fab6727|71|951|1111
Wise1025|42|1026|1148
SebFli|34|1153|1267
nasadil|12|886|953
trak61|18|1142|1192
Nafih23|45|1163|1199
MasterBO0x_x0|16|962|1099
Xl_up1|15|1280|1324
mohamedelsayed111985|138|1057|1207
Fxzil07|39|1340|1375
Stockfish_level10|14|1173|1203
aravakula|14|1063|1121
ehs2|30|958|1250
sirigineeditej_7|14|668|763
Anderwot|33|1219|1268
basalca|23|1205|1258
elfuelle69|10|1042|1100
M_Afiqah|18|1027|1132
butterflysrfre|13|1091|1142
rasheed344|11|999|1034
Taha00000|12|961|1020
hadvik|12|1056|1090
trevenc|241|1009|1095
AdrianaMonse|23|811|928
alex150314|23|933|1166
Karthavyan|10|843|896
canadillas|16|973|1025
yoisseca|43|1176|1234
bonbon1887|13|1145|1189